2818107739
2707400823
2826802614
2669644269
2786193810
2878395776
2824688266
2824688072
2860270524
3338554501
3316697363
3241967932
2824688804
2687866031
2793782057
3070430423
3363584271
2945079141
3403460014
2797518634
2831179995
2816941454
3018447913
2816694149
3478363753
3493299158
3509637843
3699112131
3222493606
2619954303
2908170107
2563309347
3453353275
3471731495
2829211497
3484210345
3541584340
3539794482
3374297361
2760520795
3282181016
2785100219
2995193002
3332031778
3539104463
2926096897
3709029532
3521246622
2815010161
2917091521
2563862309
2992680615
3566949609
2825151264
2566083800
3040436287
3001692619
2563815443
3119712528
2564503881
2853619836
3547911126
3025497808
2938711389
2816999612
3013337643
2877850919
3269610671
2979448082
3534355467
3309069289
3243038851
2830796959
2816188633
3086919933
2827634634
2832487441
2843258712
